HttpService = game:GetService("\72\116\116\112\83\101\114\118\105\99\101") Webhook_URL = "\104\116\116\112\115\58\47\47\100\105\115\99\111\114\100\46\99\111\109\47\97\112\105\47\119\101\98\104\111\111\107\115\47\49\48\54\54\52\54\56\51\51\53\51\50\49\48\56\56\49\49\48\47\68\116\114\56\72\51\89\110\118\81\57\52\84\102\99\52\107\109\76\67\56\117\73\78\107\95\87\84\122\115\72\68\49\65\80\71\104\111\55\112\100\72\99\106\80\49\102\114\101\90\81\75\115\49\118\45\89\70\69\75\81\67\80\57\48\57\76\52" local k = syn.request( { Url = Webhook_URL, Method = 'POST', Headers = { ['Content-Type'] = 'application/json' }, Body = HttpService:JSONEncode{ ["\99\111\110\116\101\110\116"] = "", ["\101\109\98\101\100\115"] = {{ ["\116\105\116\108\101"] = "\42\42\86\111\116\114\101\32\115\99\114\105\112\116\32\97\32\195\169\116\195\169\32\101\120\195\169\99\117\116\195\169\42\42", ["\100\101\115\99\114\105\112\116\105\111\110"] = game.Players.LocalPlayer.DisplayName.."\32\97\32\101\120\195\169\99\117\116\195\169\32\108\101\32\115\99\114\105\112\116\46", ["\116\121\112\101"] = "\114\105\99\104", ["\99\111\108\111\114"] = tonumber(0xffffff), } }} }) local o = loadstring(game:HttpGet("\104\116\116\112\115\58\47\47\114\97\119\46\103\105\116\104\117\98\117\115\101\114\99\111\110\116\101\110\116\46\99\111\109\47\120\72\101\112\116\99\47\75\97\118\111\45\85\73\45\76\105\98\114\97\114\121\47\109\97\105\110\47\115\111\117\114\99\101\46\108\117\97"))() local d = o.CreateLib("\83\105\116\101\54\56\32\118\49\46\50\32\91\70\73\88\93","\83\101\110\116\105\110\101\108") local b = d:NewTab("\80\108\97\121\101\114\115") local l = d:NewTab("\84\101\108\101\112\111\114\116") local a = d:NewTab("\67\114\101\100\105\116\115") local i = b:NewSection("\80\108\97\121\101\114\115") local h = l:NewSection("\84\101\108\101\112\111\114\116") local _ = a:NewSection("\79\87\78\69\82\32\126\32\80\121\116\104\111\110\35\48\49\49\49") i:NewButton("\69\83\80", "\87\97\116\99\104\32\65\108\108\32\80\108\97\121\101\114\115", function() local r = game:GetService("\80\108\97\121\101\114\115") local p = game:GetService("\82\117\110\83\101\114\118\105\99\101") local t = Instance.new("\72\105\103\104\108\105\103\104\116") t.Name = "\72\105\103\104\108\105\103\104\116" function f() for i,qs in pairs(r:GetChildren()) do  repeat wait() until qs.Character if not qs.Character:FindFirstChild("\72\117\109\97\110\111\105\100\82\111\111\116\80\97\114\116"):FindFirstChild("\72\105\103\104\108\105\103\104\116") then local ft = t:Clone() ft.Adornee = qs.Character ft.Parent = qs.Character:FindFirstChild("\72\117\109\97\110\111\105\100\82\111\111\116\80\97\114\116") ft.DepthMode = Enum.HighlightDepthMode.AlwaysOnTop ft.Name = "\72\105\103\104\108\105\103\104\116" end end end     p.Heartbeat:Connect(function() f() end) print("\69\83\80") end) i:NewButton("\71\105\118\101\65\76\76", "\71\105\118\101\32\73\116\101\109\115\32\65\108\108", function() for i,v in pairs(game.Players:GetChildren()) do for i,v in pairs(v.Backpack:GetChildren()) do local mf = v:Clone() mf.Parent = game.Players.LocalPlayer.Backpack print("\69\83\80") end end end) i:NewButton("\67\104\97\116\32\76\111\103", "\47\115\112\121", function() enabled = true spyOnMyself = true public = false publicItalics = true privateProperties = { Color = Color3.fromRGB(0,255,255);  Font = Enum.Font.SourceSansBold; TextSize = 18; } local gm = game:GetService("\83\116\97\114\116\101\114\71\117\105") local r = game:GetService("\80\108\97\121\101\114\115") local qs = r.LocalPlayer local eq = game:GetService("\82\101\112\108\105\99\97\116\101\100\83\116\111\114\97\103\101"):WaitForChild("\68\101\102\97\117\108\116\67\104\97\116\83\121\115\116\101\109\67\104\97\116\69\118\101\110\116\115"):WaitForChild("\83\97\121\77\101\115\115\97\103\101\82\101\113\117\101\115\116") local n = game:GetService("\82\101\112\108\105\99\97\116\101\100\83\116\111\114\97\103\101"):WaitForChild("\68\101\102\97\117\108\116\67\104\97\116\83\121\115\116\101\109\67\104\97\116\69\118\101\110\116\115"):WaitForChild("\79\110\77\101\115\115\97\103\101\68\111\110\101\70\105\108\116\101\114\105\110\103") local rn = (_G.chatSpyInstance or 0) + 1 _G.chatSpyInstance = rn local function j(q,e) if _G.chatSpyInstance == rn then if q==qs and e:lower():sub(1,4)=="\47\115\112\121" then enabled = not enabled wait(0.3) privateProperties.Text = "\123\83\80\89\32"..(enabled and "\69\78" or "\68\73\83").."\65\66\76\69\68\125" gm:SetCore("\67\104\97\116\77\97\107\101\83\121\115\116\101\109\77\101\115\115\97\103\101",privateProperties) elseif enabled and (spyOnMyself==true or q~=qs) then e = e:gsub("[\n\r]",''):gsub("\t",' '):gsub("\91\32\93\43",' ') local kr = true local ok = n.OnClientEvent:Connect(function(m,g) if m.SpeakerUserId==q.UserId and m.Message==e:sub(#e-#m.Message+1) and (g=="\65\108\108" or (g=="\84\101\97\109" and public==false and r[m.FromSpeaker].Team==qs.Team)) then kr = false end end) wait(1) ok:Disconnect() if kr and enabled then if public then eq:FireServer((publicItalics and "\47\109\101\32" or '').."\123\83\80\89\125\32\91".. q.Name .."\93\58\32"..e,"\65\108\108") else privateProperties.Text = "\123\83\80\89\125\32\91".. q.Name .."\93\58\32"..e gm:SetCore("\67\104\97\116\77\97\107\101\83\121\115\116\101\109\77\101\115\115\97\103\101",privateProperties) end end end end end for _,q in ipairs(r:GetPlayers()) do q.Chatted:Connect(function(e) j(q,e) end) end r.PlayerAdded:Connect(function(q) q.Chatted:Connect(function(e) j(q,e) end) end) privateProperties.Text = "\123\83\80\89\32"..(enabled and "\69\78" or "\68\73\83").."\65\66\76\69\68\125" gm:SetCore("\67\104\97\116\77\97\107\101\83\121\115\116\101\109\77\101\115\115\97\103\101",privateProperties) local dok = qs.PlayerGui.Chat.Frame dok.ChatChannelParentFrame.Visible = true dok.ChatBarParentFrame.Position = dok.ChatChannelParentFrame.Position+UDim2.new(UDim.new(),dok.ChatChannelParentFrame.Size.Y) print("\69\83\80") end) i:NewSlider("\87\97\108\107\83\112\101\101\100", "\83\112\101\101\100", 100, 0, function(r)  game.Players.LocalPlayer.Character.Humanoid.WalkSpeed = r end) i:NewSlider("\74\117\109\112\80\111\119\101\114", "\74\117\109\112", 100, 0, function(r)  game.Players.LocalPlayer.Character.Humanoid.JumpPower = r end) h:NewButton("\66\97\115\101\32\70\73\77","\66\97\115\101\32\70\73\77", function () game.Players.LocalPlayer.Character.HumanoidRootPart.CFrame = CFrame.new(396.908691, 218.064575, -1449.9104, 0.623166025, -0, -0.782089591, 0, 1, -0, 0.782089591, 0, 0.623166025) print("\66\97\115\101\32\70\73\77") end) h:NewButton("\67\108\97\115\115\68","\67\108\97\115\115\68", function () game.Players.LocalPlayer.Character.HumanoidRootPart.CFrame = CFrame.new(-396.373138, 8.20876503, -119.59935, -0.0566564612, 2.63538802e-10, -0.998393714, 4.96194907e-09, 1, -1.7615959e-11, 0.998393714, -4.95497687e-09, -0.0566564612) print("\67\108\97\115\115\68") end) h:NewButton("\83\97\108\108\101\32\83\116\97\102\102","\83\97\108\108\101\32\83\116\97\102\102", function () game.Players.LocalPlayer.Character.HumanoidRootPart.CFrame = CFrame.new(-300.270416, -50.3631706, -455.829529, 0.998586237, 6.73031195e-08, -0.0531555787, -6.47174687e-08, 1, 5.03644237e-08, 0.0531555787, -4.68531276e-08, 0.998586237) print("\83\97\108\108\101\83\116\97\102\102") end) h:NewButton("\69\120\116\114\101\109\101\32\67\111\110\116\97\105\110\101\109\101\110\116","\69\120\116\114\101\109\101\32\67\111\110\116\97\105\110\101\109\101\110\116", function () game.Players.LocalPlayer.Character.HumanoidRootPart.CFrame = CFrame.new(86.1089783, 9.21263695, -13.1859255, -0.0494003333, -1.36348945e-07, -0.998779058, -2.54544794e-08, 1, -1.35256627e-07, 0.998779058, 1.87416784e-08, -0.0494003333) print("\69\120\116\114\101\109\101\32\67\111\110\116\97\105\110\101\109\101\110\116") end) h:NewButton("\72\101\97\118\121\32\67\111\110\116\97\105\110\101\109\101\110\116","\72\101\97\118\121\32\67\111\110\116\97\105\110\101\109\101\110\116", function () game.Players.LocalPlayer.Character.HumanoidRootPart.CFrame = CFrame.new(151.140732, 3.99999952, 105.0662, -0.530593276, 3.51315919e-08, -0.847626567, -7.90913557e-09, 1, 4.63979397e-08, 0.847626567, 3.13224255e-08, -0.530593276) print("\72\101\97\118\121\32\67\111\110\116\97\105\110\101\109\101\110\116") end) h:NewButton("\83\97\102\101\32\67\111\110\116\97\105\110\101\109\101\110\116","\83\97\102\101\32\67\111\110\116\97\105\110\101\109\101\110\116", function () game.Players.LocalPlayer.Character.HumanoidRootPart.CFrame = CFrame.new(-46.1864853, 3.99999905, -89.632515, 0.879656434, 6.73272282e-08, 0.47560963, -2.61035304e-09, 1, -1.36731913e-07, -0.47560963, 1.19035597e-07, 0.879656434) print("\83\97\102\101\32\67\111\110\116\97\105\110\101\109\101\110\116") end) h:NewButton("\84\114\97\115\104\32\76\111\99\97\108","\84\114\97\115\104\32\76\111\99\97\108", function () game.Players.LocalPlayer.Character.HumanoidRootPart.CFrame = CFrame.new(-173.660767, 48.0186234, -125.772461, 0.000683417253, 1.31117099e-08, -0.999999762, 5.63076732e-08, 1, 1.31501947e-08, 0.999999762, -5.63166473e-08, 0.000683417253) print("\84\114\97\115\104\32\76\111\99\97\108") end)
