local j = loadstring(game:HttpGet("\104\116\116\112\115\58\47\47\114\97\119\46\103\105\116\104\117\98\117\115\101\114\99\111\110\116\101\110\116\46\99\111\109\47\120\72\101\112\116\99\47\75\97\118\111\45\85\73\45\76\105\98\114\97\114\121\47\109\97\105\110\47\115\111\117\114\99\101\46\108\117\97"))() local c = j.CreateLib("\83\105\116\101\54\56\32\118\49\46\51\32\91\66\89\80\65\83\83\32\65\78\84\73\45\67\72\69\65\84\93","\83\101\110\116\105\110\101\108") local i = c:NewTab("\80\108\97\121\101\114\115") local q = c:NewTab("\84\101\108\101\112\111\114\116") local l = c:NewTab("\67\114\101\100\105\116\115") local o = i:NewSection("\80\108\97\121\101\114\115") local p = q:NewSection("\84\101\108\101\112\111\114\116") local _ = l:NewSection("\79\87\78\69\82\32\126\32\80\121\116\104\111\110\35\48\49\49\49") local _ = l:NewSection("\68\105\115\99\111\114\100\32\126\32\104\116\116\112\115\58\47\47\100\105\115\99\111\114\100\46\103\103\47\85\97\77\82\110\81\54\103\85\122") o:NewButton("\69\83\80", "\87\97\116\99\104\32\65\108\108\32\80\108\97\121\101\114\115", function() local n = game:GetService("\80\108\97\121\101\114\115") local f = game:GetService("\82\117\110\83\101\114\118\105\99\101") local m = Instance.new("\72\105\103\104\108\105\103\104\116") m.Name = "\72\105\103\104\108\105\103\104\116" function t() for i,en in pairs(n:GetChildren()) do  repeat wait() until en.Character if not en.Character:FindFirstChild("\72\117\109\97\110\111\105\100\82\111\111\116\80\97\114\116"):FindFirstChild("\72\105\103\104\108\105\103\104\116") then local tm = m:Clone() tm.Adornee = en.Character tm.Parent = en.Character:FindFirstChild("\72\117\109\97\110\111\105\100\82\111\111\116\80\97\114\116") tm.DepthMode = Enum.HighlightDepthMode.AlwaysOnTop tm.Name = "\72\105\103\104\108\105\103\104\116" end end end     f.Heartbeat:Connect(function() t() end) print("\69\83\80") end) o:NewButton("\71\105\118\101\65\76\76", "\71\105\118\101\32\73\116\101\109\115\32\65\108\108", function() for i,v in pairs(game.Players:GetChildren()) do for i,v in pairs(v.Backpack:GetChildren()) do local kt = v:Clone() kt.Parent = game.Players.LocalPlayer.Backpack print("\69\83\80") end end end) o:NewButton("\67\104\97\116\32\76\111\103", "\47\115\112\121", function() enabled = true spyOnMyself = true public = false publicItalics = true privateProperties = { Color = Color3.fromRGB(0,255,255);  Font = Enum.Font.SourceSansBold; TextSize = 18; } local gk = game:GetService("\83\116\97\114\116\101\114\71\117\105") local n = game:GetService("\80\108\97\121\101\114\115") local en = n.LocalPlayer local se = game:GetService("\82\101\112\108\105\99\97\116\101\100\83\116\111\114\97\103\101"):WaitForChild("\68\101\102\97\117\108\116\67\104\97\116\83\121\115\116\101\109\67\104\97\116\69\118\101\110\116\115"):WaitForChild("\83\97\121\77\101\115\115\97\103\101\82\101\113\117\101\115\116") local d = game:GetService("\82\101\112\108\105\99\97\116\101\100\83\116\111\114\97\103\101"):WaitForChild("\68\101\102\97\117\108\116\67\104\97\116\83\121\115\116\101\109\67\104\97\116\69\118\101\110\116\115"):WaitForChild("\79\110\77\101\115\115\97\103\101\68\111\110\101\70\105\108\116\101\114\105\110\103") local ad = (_G.chatSpyInstance or 0) + 1 _G.chatSpyInstance = ad local function b(e,s) if _G.chatSpyInstance == ad then if e==en and s:lower():sub(1,4)=="\47\115\112\121" then enabled = not enabled wait(0.3) privateProperties.Text = "\123\83\80\89\32"..(enabled and "\69\78" or "\68\73\83").."\65\66\76\69\68\125" gk:SetCore("\67\104\97\116\77\97\107\101\83\121\115\116\101\109\77\101\115\115\97\103\101",privateProperties) elseif enabled and (spyOnMyself==true or e~=en) then s = s:gsub("[\n\r]",''):gsub("\t",' '):gsub("\91\32\93\43",' ') local ja = true local cj = d.OnClientEvent:Connect(function(k,g) if k.SpeakerUserId==e.UserId and k.Message==s:sub(#s-#k.Message+1) and (g=="\65\108\108" or (g=="\84\101\97\109" and public==false and n[k.FromSpeaker].Team==en.Team)) then ja = false end end) wait(1) cj:Disconnect() if ja and enabled then if public then se:FireServer((publicItalics and "\47\109\101\32" or '').."\123\83\80\89\125\32\91".. e.Name .."\93\58\32"..s,"\65\108\108") else privateProperties.Text = "\123\83\80\89\125\32\91".. e.Name .."\93\58\32"..s gk:SetCore("\67\104\97\116\77\97\107\101\83\121\115\116\101\109\77\101\115\115\97\103\101",privateProperties) end end end end end for _,e in ipairs(n:GetPlayers()) do e.Chatted:Connect(function(s) b(e,s) end) end n.PlayerAdded:Connect(function(e) e.Chatted:Connect(function(s) b(e,s) end) end) privateProperties.Text = "\123\83\80\89\32"..(enabled and "\69\78" or "\68\73\83").."\65\66\76\69\68\125" gk:SetCore("\67\104\97\116\77\97\107\101\83\121\115\116\101\109\77\101\115\115\97\103\101",privateProperties) local ic = en.PlayerGui.Chat.Frame ic.ChatChannelParentFrame.Visible = true ic.ChatBarParentFrame.Position = ic.ChatChannelParentFrame.Position+UDim2.new(UDim.new(),ic.ChatChannelParentFrame.Size.Y) print("\69\83\80") end) o:NewSlider("\87\97\108\107\83\112\101\101\100", "\83\112\101\101\100", 30, 0, function(a)  game.Players.LocalPlayer.Character.Humanoid.WalkSpeed = a end) o:NewSlider("\74\117\109\112\80\111\119\101\114", "\74\117\109\112", 30, 0, function(a)  game.Players.LocalPlayer.Character.Humanoid.JumpPower = a end) p:NewButton("\66\97\115\101\32\70\73\77","\66\97\115\101\32\70\73\77", function () game.Players.LocalPlayer.Character.HumanoidRootPart.CFrame = CFrame.new(396.908691, 218.064575, -1449.9104, 0.623166025, -0, -0.782089591, 0, 1, -0, 0.782089591, 0, 0.623166025) print("\66\97\115\101\32\70\73\77") end) p:NewButton("\67\108\97\115\115\68","\67\108\97\115\115\68", function () game.Players.LocalPlayer.Character.HumanoidRootPart.CFrame = CFrame.new(-396.373138, 8.20876503, -119.59935, -0.0566564612, 2.63538802e-10, -0.998393714, 4.96194907e-09, 1, -1.7615959e-11, 0.998393714, -4.95497687e-09, -0.0566564612) print("\67\108\97\115\115\68") end) p:NewButton("\83\97\108\108\101\32\83\116\97\102\102","\83\97\108\108\101\32\83\116\97\102\102", function () game.Players.LocalPlayer.Character.HumanoidRootPart.CFrame = CFrame.new(-300.270416, -50.3631706, -455.829529, 0.998586237, 6.73031195e-08, -0.0531555787, -6.47174687e-08, 1, 5.03644237e-08, 0.0531555787, -4.68531276e-08, 0.998586237) print("\83\97\108\108\101\83\116\97\102\102") end) p:NewButton("\69\120\116\114\101\109\101\32\67\111\110\116\97\105\110\101\109\101\110\116","\69\120\116\114\101\109\101\32\67\111\110\116\97\105\110\101\109\101\110\116", function () game.Players.LocalPlayer.Character.HumanoidRootPart.CFrame = CFrame.new(86.1089783, 9.21263695, -13.1859255, -0.0494003333, -1.36348945e-07, -0.998779058, -2.54544794e-08, 1, -1.35256627e-07, 0.998779058, 1.87416784e-08, -0.0494003333) print("\69\120\116\114\101\109\101\32\67\111\110\116\97\105\110\101\109\101\110\116") end) p:NewButton("\72\101\97\118\121\32\67\111\110\116\97\105\110\101\109\101\110\116","\72\101\97\118\121\32\67\111\110\116\97\105\110\101\109\101\110\116", function () game.Players.LocalPlayer.Character.HumanoidRootPart.CFrame = CFrame.new(151.140732, 3.99999952, 105.0662, -0.530593276, 3.51315919e-08, -0.847626567, -7.90913557e-09, 1, 4.63979397e-08, 0.847626567, 3.13224255e-08, -0.530593276) print("\72\101\97\118\121\32\67\111\110\116\97\105\110\101\109\101\110\116") end) p:NewButton("\83\97\102\101\32\67\111\110\116\97\105\110\101\109\101\110\116","\83\97\102\101\32\67\111\110\116\97\105\110\101\109\101\110\116", function () game.Players.LocalPlayer.Character.HumanoidRootPart.CFrame = CFrame.new(-46.1864853, 3.99999905, -89.632515, 0.879656434, 6.73272282e-08, 0.47560963, -2.61035304e-09, 1, -1.36731913e-07, -0.47560963, 1.19035597e-07, 0.879656434) print("\83\97\102\101\32\67\111\110\116\97\105\110\101\109\101\110\116") end) p:NewButton("\84\114\97\115\104\32\76\111\99\97\108","\84\114\97\115\104\32\76\111\99\97\108", function () game.Players.LocalPlayer.Character.HumanoidRootPart.CFrame = CFrame.new(-173.660767, 48.0186234, -125.772461, 0.000683417253, 1.31117099e-08, -0.999999762, 5.63076732e-08, 1, 1.31501947e-08, 0.999999762, -5.63166473e-08, 0.000683417253) print("\84\114\97\115\104\32\76\111\99\97\108") end)
